image: 4th_floor_crop.pgm
resolution: 0.000264583 #각 픽셀이 실제 공간에서 얼마나 넓은지, 미터단위
origin: [0.0, 0.017462478, 0.0000] #지도의 원점
# origin: [-0.1190226748585701, 0.025732465088367462, 0.0000] #지도의 원점

negate: 0 #색상 반전 여부
occupied_thresh: 50 #점유 영역 임계값
free_thresh: 50 #자유 영역 임계값

# -3.071 3.583
