image: empty_map2.pgm
resolution: 0.001 #각 픽셀이 실제 공간에서 얼마나 넓은지, 미터단위
origin: [127.057550, 37.633749 , 0.0000] #지도의 원점

# origin: [100.0000, 100.0000, 0.0000] #지도의 원점
negate: 0 #색상 반전 여부
occupied_thresh: 50 #점유 영역 임계값
free_thresh: 50 #자유 영역 임계값

# -3.071 3.583
